sswap price[0] * cp: 
        497,871,818,592,088,259,344,463,118,540,047,554,276
        3,920,710,666,746,749,599,068,465,704,500,000,000,000
max:    340,282,366,920,938,463,463,374,607,431,768,211,455
sswap:  41,265,556,418,280,586,486,385
sienna: 75,880,597,127,813,806,216,262
sum:    117,146,153,546,094,392,702,647

SecretSwap
SHD:		 6064.43379564
SCRT:		 69598.078371
SHD/SCRT:	 0.08713507524321128
CP:		 422072938.58469373

Sienna
SHD:		 8114.74458501
SCRT:		 93585.484077
SHD/SCRT:	 0.08670943645847227
CP:		 759422300.1493753
